[0]
number = 0
name = pro05
a = 3.3573183e-03
b = 2.5336573e-04
c = 9.6659979e-07
Rn = 50.0
