[0]
number = 0
name = data
a = 3.3648668e-03
b = 2.6369913e-04
c = 3.9587022e-06
Rn = 50.0
